1.260505872712311870e+01 2.450370341539382935e-01 1.203219500817192866e+01 3.450555503368377686e-01
1.165302701822916731e+01 3.670370280742645264e-01 1.130428445773654467e+01 3.967777788639068604e-01
1.096938378397623737e+01 4.246296286582946777e-01 1.068176078711615595e+01 4.311666786670684814e-01
1.039176368346037727e+01 4.503703713417053223e-01 1.014988067372640046e+01 4.491111040115356445e-01
9.879308675695348541e+00 4.749629497528076172e-01 9.676583051893446807e+00 4.613888859748840332e-01
9.401760927836100734e+00 4.839259386062622070e-01 9.229510375128851862e+00 4.743888974189758301e-01
8.958056757891618815e+00 5.041481256484985352e-01 8.793898844401041970e+00 4.964999854564666748e-01
8.564861519142432655e+00 5.110740661621093750e-01 8.433460116068522083e+00 4.963333308696746826e-01
8.199226838288483421e+00 5.200370550155639648e-01 8.069889522976344765e+00 5.103333592414855957e-01
7.856888381958007983e+00 5.359629392623901367e-01 7.760520027160644929e+00 5.150555372238159180e-01
7.546519421330204480e+00 5.408518314361572266e-01 7.466996676974826386e+00 5.218333601951599121e-01
7.257834833780924200e+00 5.468888878822326660e-01 7.183130476209852233e+00 5.249444246292114258e-01
6.989258087158202848e+00 5.497407317161560059e-01 6.933661614312065957e+00 5.329444408416748047e-01
6.741453749338785606e+00 5.583333373069763184e-01 6.707952495151095818e+00 5.354999899864196777e-01
6.514141250045211606e+00 5.602962970733642578e-01 6.485770317077636626e+00 5.400000214576721191e-01
6.300627556553592967e+00 5.693703889846801758e-01 6.288725371890597771e+00 5.385000109672546387e-01
6.094073381494593100e+00 5.684444308280944824e-01 6.099177542792426188e+00 5.397222042083740234e-01
5.915947297837998775e+00 5.741111040115356445e-01 5.905793336232503243e+00 5.445555448532104492e-01
5.735499498014096531e+00 5.752962827682495117e-01 5.746558169470892707e+00 5.519444346427917480e-01
5.566773150549994220e+00 5.845925807952880859e-01 5.571691171434190792e+00 5.544999837875366211e-01
5.403147929721408005e+00 5.862592458724975586e-01 5.427996295505099766e+00 5.552222132682800293e-01
5.251974074610957111e+00 5.911852121353149414e-01 5.280645606146918247e+00 5.580555796623229980e-01
5.116973407180220867e+00 5.927407145500183105e-01 5.160431917826334924e+00 5.555555820465087891e-01
4.975122077094184192e+00 5.964444279670715332e-01 5.026030782911512951e+00 5.579444169998168945e-01
4.851877884334988345e+00 5.928518772125244141e-01 4.889460122002495801e+00 5.636666417121887207e-01
4.725801619635688233e+00 5.952963232994079590e-01 4.763299205780029411e+00 5.705000162124633789e-01
4.608819339045771457e+00 5.965926051139831543e-01 4.657873694525824781e+00 5.741111040115356445e-01
4.490890199873182276e+00 6.085185408592224121e-01 4.555900452507867016e+00 5.672777891159057617e-01
4.376977473788791428e+00 6.065185070037841797e-01 4.439715913560655203e+00 5.745000243186950684e-01
4.283653848153573307e+00 6.079629659652709961e-01 4.348892826928032918e+00 5.677222013473510742e-01
4.191988985414858426e+00 6.053333282470703125e-01 4.255510203891330612e+00 5.691111087799072266e-01
4.092475043967918502e+00 6.111481189727783203e-01 4.164469025505913358e+00 5.715555548667907715e-01
4.004677977526629462e+00 6.111481189727783203e-01 4.072194722917345189e+00 5.706666707992553711e-01
3.912932215231436306e+00 6.090370416641235352e-01 3.996262951744927516e+00 5.722777843475341797e-01
3.823583800845676173e+00 6.140370368957519531e-01 3.908393055809868510e+00 5.789999961853027344e-01
3.751658210189254383e+00 6.145185232162475586e-01 3.814832034216986578e+00 5.828333497047424316e-01
3.674902098055238930e+00 6.134814620018005371e-01 3.742706676271226662e+00 5.849444270133972168e-01
3.598979998553240911e+00 6.161110997200012207e-01 3.674600983937581500e+00 5.828889012336730957e-01
3.528901526486432072e+00 6.161851882934570312e-01 3.596911054399278385e+00 5.872777700424194336e-01
3.453010879234031272e+00 6.199629902839660645e-01 3.540717580371433026e+00 5.835555791854858398e-01
3.387439238936812647e+00 6.220370531082153320e-01 3.477108242458767151e+00 5.847222208976745605e-01
3.327742836139820248e+00 6.196666955947875977e-01 3.423852487987942173e+00 5.810555815696716309e-01
3.264313172234429405e+00 6.224444508552551270e-01 3.357021562364366218e+00 5.868889093399047852e-01
3.195452367853235387e+00 6.272222399711608887e-01 3.301305059221055771e+00 5.846111178398132324e-01
3.132600285494769210e+00 6.256666779518127441e-01 3.239083137088351716e+00 5.914444327354431152e-01
3.093481319427490384e+00 6.219259500503540039e-01 3.187427202436659002e+00 5.856666564941406250e-01
3.032814142368458032e+00 6.250370144844055176e-01 3.124995460298326311e+00 5.891110897064208984e-01
2.987518704590974128e+00 6.258147954940795898e-01 3.087675177680121674e+00 5.915555357933044434e-01
2.938453109953138576e+00 6.231111288070678711e-01 3.022520450380113299e+00 5.931666493415832520e-01
2.896475237387198032e+00 6.262221932411193848e-01 2.991042310502793899e+00 5.922222137451171875e-01
2.843463267856173982e+00 6.294074058532714844e-01 2.939987960391574617e+00 5.952222347259521484e-01
2.797948693240130513e+00 6.288889050483703613e-01 2.896556917402479225e+00 5.913888812065124512e-01
2.753626154299135376e+00 6.323333382606506348e-01 2.856013949288262133e+00 5.966666936874389648e-01
2.720984036198368816e+00 6.274814605712890625e-01 2.837078549491034440e+00 5.852222442626953125e-01
2.677613375345865965e+00 6.282592415809631348e-01 2.769393530951605786e+00 5.944444537162780762e-01
2.638774577529342302e+00 6.322592496871948242e-01 2.727216114256116875e+00 6.005555391311645508e-01
2.598418390485975671e+00 6.321851611137390137e-01 2.716380085627237762e+00 5.918889045715332031e-01
2.573930394773130015e+00 6.318518519401550293e-01 2.670488434685601042e+00 5.967222452163696289e-01
2.529451397224709019e+00 6.332222223281860352e-01 2.636143776151869123e+00 5.981666445732116699e-01
2.500016834965458568e+00 6.346296072006225586e-01 2.600112326727972878e+00 5.976111292839050293e-01
2.471786130551938854e+00 6.314073801040649414e-01 2.576905680126614140e+00 5.933889150619506836e-01
2.433135525809393851e+00 6.312962770462036133e-01 2.537022923575507072e+00 5.931110978126525879e-01
2.406938654369778163e+00 6.334444284439086914e-01 2.509808086395263871e+00 5.996666550636291504e-01
2.378215387768215727e+00 6.345925927162170410e-01 2.480548575083414864e+00 6.011111140251159668e-01
2.361727508262351893e+00 6.358518600463867188e-01 2.455912143071492526e+00 5.972222089767456055e-01
2.327745792671486402e+00 6.342222094535827637e-01 2.425571749369303198e+00 5.997777581214904785e-01
2.301468652866504705e+00 6.380370259284973145e-01 2.393069090949164313e+00 6.079999804496765137e-01
2.270596687882034725e+00 6.387037038803100586e-01 2.387397229724460335e+00 5.996111035346984863e-01
2.248656197865804174e+00 6.394444704055786133e-01 2.353785420735677203e+00 6.029999852180480957e-01
2.222444718184294565e+00 6.374815106391906738e-01 2.328932747311062368e+00 6.040555834770202637e-01
2.208242938712791315e+00 6.390740871429443359e-01 2.303404213375515486e+00 6.060555577278137207e-01
2.183011055275245749e+00 6.399999856948852539e-01 2.293247069040934338e+00 6.014444231986999512e-01
2.161967384055808683e+00 6.414444446563720703e-01 2.266304809570312440e+00 6.042222380638122559e-01
2.137141564616450662e+00 6.435185074806213379e-01 2.262346761067708378e+00 6.021666526794433594e-01
2.126156637968840357e+00 6.382963061332702637e-01 2.229796408123440266e+00 6.023889183998107910e-01
2.101692557723433996e+00 6.424074172973632812e-01 2.218348005930582900e+00 6.031110882759094238e-01
2.087224873260215663e+00 6.433703899383544922e-01 2.199892258114284793e+00 6.031666398048400879e-01
2.065726332629168382e+00 6.430370211601257324e-01 2.182786879645453482e+00 6.075555682182312012e-01
2.053365669250488246e+00 6.397777795791625977e-01 2.180655287424723365e+00 5.975000262260437012e-01
2.034977587134749744e+00 6.402592658996582031e-01 2.134461277431912052e+00 6.103333234786987305e-01
2.017604994879828695e+00 6.470000147819519043e-01 2.133375535753038399e+00 6.052777767181396484e-01
2.011314274046156036e+00 6.405185461044311523e-01 2.120861370086669861e+00 6.041111350059509277e-01
1.987616620099103004e+00 6.416296362876892090e-01 2.098870901743571160e+00 6.086111068725585938e-01
1.977190368511058560e+00 6.428148150444030762e-01 2.089598182890150202e+00 6.004444360733032227e-01
1.966224464911001668e+00 6.444444656372070312e-01 2.075742225646972638e+00 6.087777614593505859e-01
1.950168425665961269e+00 6.451110839843750000e-01 2.066208103391859119e+00 6.081666946411132812e-01
1.943887079662746764e+00 6.447777748107910156e-01 2.042343472798665349e+00 6.116111278533935547e-01
1.923276808032283069e+00 6.448147892951965332e-01 2.045047473271687899e+00 6.064444184303283691e-01
1.922542125030800131e+00 6.375926136970520020e-01 2.026837353600396074e+00 6.107222437858581543e-01
1.897243832694159638e+00 6.439999938011169434e-01 2.021151526769002338e+00 6.055555343627929688e-01
1.888970315226802033e+00 6.444444656372070312e-01 2.002125460306803273e+00 6.072221994400024414e-01
1.878576679512306447e+00 6.444814801216125488e-01 1.996069043689303824e+00 6.023889183998107910e-01
1.867756400779441606e+00 6.436666846275329590e-01 1.983854666603936057e+00 6.141666769981384277e-01
1.850190168098167165e+00 6.486296057701110840e-01 1.974430334938896969e+00 6.102777719497680664e-01
1.839862354843704750e+00 6.477037072181701660e-01 1.956472363366021039e+00 6.075000166893005371e-01
1.839326123838071370e+00 6.467037200927734375e-01 1.950674380514356931e+00 6.075555682182312012e-01
1.827344299810903960e+00 6.471481323242187500e-01 1.944839395099215995e+00 6.094999909400939941e-01
1.822771719614664665e+00 6.450370550155639648e-01 1.919827598147922032e+00 6.150555610656738281e-01
1.811552942346643436e+00 6.442962884902954102e-01 1.924398030387030722e+00 6.115000247955322266e-01
1.797090078777737077e+00 6.488888859748840332e-01 1.921759376525878915e+00 6.103888750076293945e-01
1.786853905571831547e+00 6.511111259460449219e-01 1.899158965428670243e+00 6.117777824401855469e-01
1.786731229994032111e+00 6.492592692375183105e-01 1.895285653856065622e+00 6.089444160461425781e-01
1.779959335715682434e+00 6.496296525001525879e-01 1.888217003928290394e+00 6.106111407279968262e-01
1.771060227959244449e+00 6.485185027122497559e-01 1.893273430294460713e+00 6.047222018241882324e-01
1.766045403727778629e+00 6.451851725578308105e-01 1.875629067420959473e+00 6.092777848243713379e-01
1.751448172887166255e+00 6.498148441314697266e-01 1.870952354643079962e+00 6.121666431427001953e-01
1.745479284251177710e+00 6.514074206352233887e-01 1.871022979736328029e+00 6.083889007568359375e-01
1.741108071256566969e+00 6.472963094711303711e-01 1.861929040061103047e+00 6.094999909400939941e-01
1.726819081624348939e+00 6.493703722953796387e-01 1.841657500584920282e+00 6.158333420753479004e-01
1.721846490789342710e+00 6.529999971389770508e-01 1.836131569332546620e+00 6.151111125946044922e-01
1.715653980608339735e+00 6.524814963340759277e-01 1.826719521204630547e+00 6.144444346427917480e-01
1.718363199234008709e+00 6.490740776062011719e-01 1.837052588462829483e+00 6.090555787086486816e-01
1.702012845922399542e+00 6.494814753532409668e-01 1.827056844393412316e+00 6.078888773918151855e-01
1.700612297870494727e+00 6.522222161293029785e-01 1.809542418267991781e+00 6.171110868453979492e-01
1.695730049203943324e+00 6.527037024497985840e-01 1.811953053368462463e+00 6.111111044883728027e-01
1.684500494003295934e+00 6.522963047027587891e-01 1.831580582724677164e+00 6.052222251892089844e-01
1.675749186268559177e+00 6.540740728378295898e-01 1.792862975014580584e+00 6.175000071525573730e-01
1.680024514728122309e+00 6.499999761581420898e-01 1.806523921118842191e+00 6.118888854980468750e-01
1.670291822115580249e+00 6.517037153244018555e-01 1.788784698062472867e+00 6.137777566909790039e-01
1.667937457649796062e+00 6.526296138763427734e-01 1.809769591861301041e+00 6.104999780654907227e-01
1.663023499029653962e+00 6.509629487991333008e-01 1.781090663909912220e+00 6.179999709129333496e-01
1.658208714308562204e+00 6.571851968765258789e-01 1.769131300608317137e+00 6.172222495079040527e-01
1.653074048713401467e+00 6.507407426834106445e-01 1.763268394046359600e+00 6.177777647972106934e-01
1.648296414693196654e+00 6.541110873222351074e-01 1.754921523518032433e+00 6.199444532394409180e-01
1.642743299766823206e+00 6.548518538475036621e-01 1.760375638326009184e+00 6.164444684982299805e-01
1.628830435011122013e+00 6.559629440307617188e-01 1.761959548632303862e+00 6.138888597488403320e-01
1.636042493537620324e+00 6.539259552955627441e-01 1.752791229036119169e+00 6.181111335754394531e-01
1.628017668865345158e+00 6.536666750907897949e-01 1.752773752000596819e+00 6.158888936042785645e-01
1.624032124625311990e+00 6.559629440307617188e-01 1.740986435360378781e+00 6.181666851043701172e-01
1.619353378083970840e+00 6.543333530426025391e-01 1.737095913569132399e+00 6.182222366333007812e-01
1.615906314355355811e+00 6.546296477317810059e-01 1.734395705329047299e+00 6.189444661140441895e-01
1.605182967927720750e+00 6.579259037971496582e-01 1.737920081774393610e+00 6.188333630561828613e-01
1.615343639232494244e+00 6.547036767005920410e-01 1.728604575792948461e+00 6.139444708824157715e-01
1.619197367632830620e+00 6.524814963340759277e-01 1.728945864147610090e+00 6.172778010368347168e-01
1.606879843888459281e+00 6.541851758956909180e-01 1.718887047873602913e+00 6.183888912200927734e-01
1.599709659858986166e+00 6.541851758956909180e-01 1.713137441423204121e+00 6.154999732971191406e-01
1.594561300630922718e+00 6.568518280982971191e-01 1.723891570197211287e+00 6.175000071525573730e-01
1.586243191683733844e+00 6.559259295463562012e-01 1.710984496222601958e+00 6.178333163261413574e-01
1.582951275225038978e+00 6.574074029922485352e-01 1.714425634172227708e+00 6.180555820465087891e-01
1.581267496956719310e+00 6.573703885078430176e-01 1.693059979544745630e+00 6.195555329322814941e-01
1.578868695718270709e+00 6.569259166717529297e-01 1.696005533112419972e+00 6.234999895095825195e-01
1.577689795600043299e+00 6.577777862548828125e-01 1.701174524731106308e+00 6.150555610656738281e-01
1.572027871131896903e+00 6.564444303512573242e-01 1.695344378153483156e+00 6.173333525657653809e-01
1.570464872501514675e+00 6.577407121658325195e-01 1.697714905844794453e+00 6.196666955947875977e-01
1.569470531287016746e+00 6.590370535850524902e-01 1.680739947424994662e+00 6.197222471237182617e-01
1.568529212563126274e+00 6.514074206352233887e-01 1.686608362621731194e+00 6.206666827201843262e-01
1.563700191992300592e+00 6.571111083030700684e-01 1.674408183521694626e+00 6.181666851043701172e-01
1.559348604908695979e+00 6.557037234306335449e-01 1.679307994312710273e+00 6.202222108840942383e-01
1.552205789636682542e+00 6.590740680694580078e-01 1.679523864534166133e+00 6.166666746139526367e-01
1.552696824674253184e+00 6.568148136138916016e-01 1.691776535669962556e+00 6.138888597488403320e-01
1.551684596344276690e+00 6.544444561004638672e-01 1.678764538447062193e+00 6.166666746139526367e-01
1.545381247485125398e+00 6.586296558380126953e-01 1.663539392047458154e+00 6.201666593551635742e-01
1.537890487388328342e+00 6.573703885078430176e-01 1.681752660963270474e+00 6.149444580078125000e-01
1.546230586934972617e+00 6.564444303512573242e-01 1.665129500283135222e+00 6.205000281333923340e-01
1.548408384429083906e+00 6.582962870597839355e-01 1.676336113399929495e+00 6.153333187103271484e-01
1.535063640029342036e+00 6.576296091079711914e-01 1.664579075283474374e+00 6.189444661140441895e-01
1.529206238852606869e+00 6.638888716697692871e-01 1.668318018383450063e+00 6.173889040946960449e-01
1.531732145026878156e+00 6.587407588958740234e-01 1.658876002629597890e+00 6.179999709129333496e-01
1.529219945554380011e+00 6.564815044403076172e-01 1.656801823192172618e+00 6.174444556236267090e-01
1.532518405066596090e+00 6.588147878646850586e-01 1.655011571672227566e+00 6.202777624130249023e-01
1.529609651282981542e+00 6.599259376525878906e-01 1.657319196277194484e+00 6.148333549499511719e-01
1.515238270759582617e+00 6.640740633010864258e-01 1.641322936058044357e+00 6.220555305480957031e-01
1.509507762626365324e+00 6.656296253204345703e-01 1.635283514446682407e+00 6.211666464805603027e-01
1.515155095771506977e+00 6.600740551948547363e-01 1.646346887376573420e+00 6.173889040946960449e-01
1.514580485202648097e+00 6.615185141563415527e-01 1.648730812390645450e+00 6.186110973358154297e-01
1.507208329730563623e+00 6.615185141563415527e-01 1.630852274576823024e+00 6.233888864517211914e-01
1.510536377871477987e+00 6.625925898551940918e-01 1.635836683909098310e+00 6.192777752876281738e-01
1.510020249331438968e+00 6.614444255828857422e-01 1.622145686361524897e+00 6.235555410385131836e-01
1.504679658183345037e+00 6.617777943611145020e-01 1.628421872986687502e+00 6.241111159324645996e-01
1.506086815162941184e+00 6.578888893127441406e-01 1.628457543902926963e+00 6.196110844612121582e-01
1.498687390256810970e+00 6.619629859924316406e-01 1.632686063024732848e+00 6.214444637298583984e-01
1.503815373032181268e+00 6.598148345947265625e-01 1.639607226689656638e+00 6.182222366333007812e-01
1.494977872989795786e+00 6.627777814865112305e-01 1.631620616594950279e+00 6.230555772781372070e-01
1.495026881818418252e+00 6.646666526794433594e-01 1.617052771038479220e+00 6.272777915000915527e-01
1.493186961421260062e+00 6.661852002143859863e-01 1.610964505725436702e+00 6.252222061157226562e-01
1.485658082962036053e+00 6.667037010192871094e-01 1.611841852929857044e+00 6.223333477973937988e-01
1.489165924390157159e+00 6.637407541275024414e-01 1.615391828536987262e+00 6.228333115577697754e-01
1.487866966388843748e+00 6.621851921081542969e-01 1.599829951180352205e+00 6.288889050483703613e-01
1.487734139583728910e+00 6.635185480117797852e-01 1.605510359340243776e+00 6.238333582878112793e-01
1.487059917591236236e+00 6.598518490791320801e-01 1.606181127336290038e+00 6.217777729034423828e-01
1.491577714001690813e+00 6.584073901176452637e-01 1.613207925266689768e+00 6.203333139419555664e-01
1.479750751071505999e+00 6.672222018241882324e-01 1.608526256561279233e+00 6.224444508552551270e-01
1.475454458731192187e+00 6.619629859924316406e-01 1.605556978225707976e+00 6.280000209808349609e-01
1.477221253501044274e+00 6.629258990287780762e-01 1.604480115254720118e+00 6.247777938842773438e-01
1.472161684177540009e+00 6.628888845443725586e-01 1.608244849628872375e+00 6.226111054420471191e-01
1.467335535402651159e+00 6.641481518745422363e-01 1.609816653357611704e+00 6.213889122009277344e-01
1.471115384207831500e+00 6.622592806816101074e-01 1.600089532216389943e+00 6.250555515289306641e-01
1.471324420787669895e+00 6.628888845443725586e-01 1.597244998084174306e+00 6.259999871253967285e-01
1.464595586211593137e+00 6.658518314361572266e-01 1.595156773673163553e+00 6.240000128746032715e-01
1.470470323774549781e+00 6.614074110984802246e-01 1.610414935006035719e+00 6.248888969421386719e-01
1.464755415810478967e+00 6.628888845443725586e-01 1.593741800308227541e+00 6.261110901832580566e-01
1.464523192794234596e+00 6.652963161468505859e-01 1.608294586393568260e+00 6.231111288070678711e-01
1.460297533529776093e+00 6.647407412528991699e-01 1.591693722830878288e+00 6.246666908264160156e-01
1.462611973020765621e+00 6.638148427009582520e-01 1.598857624689737911e+00 6.215555667877197266e-01
1.463109282175699910e+00 6.647037267684936523e-01 1.586226472430759094e+00 6.241111159324645996e-01
1.447629905771326220e+00 6.690740585327148438e-01 1.592874405331081711e+00 6.249444484710693359e-01
1.449737904795893817e+00 6.666296124458312988e-01 1.611807890362209728e+00 6.207222342491149902e-01
1.457209812552840544e+00 6.628147959709167480e-01 1.581061573876274995e+00 6.250000000000000000e-01
1.456981297033804523e+00 6.645925641059875488e-01 1.574139208793640110e+00 6.334444284439086914e-01
1.449897090488009965e+00 6.666666865348815918e-01 1.593514237933688626e+00 6.252222061157226562e-01
1.453805239500822744e+00 6.666666865348815918e-01 1.597396837552388593e+00 6.204444169998168945e-01
1.450635583736278322e+00 6.665925979614257812e-01 1.575778683344523090e+00 6.248333454132080078e-01
1.455568914130882074e+00 6.619629859924316406e-01 1.599199938138325949e+00 6.172778010368347168e-01
1.447637432310316274e+00 6.662592887878417969e-01 1.568731159740024195e+00 6.331111192703247070e-01
1.445733259483620081e+00 6.639999747276306152e-01 1.573765491061740462e+00 6.246666908264160156e-01
1.442771602418687626e+00 6.695555448532104492e-01 1.574633548524644544e+00 6.318333148956298828e-01
1.441458172409622707e+00 6.685925722122192383e-01 1.566938299602932405e+00 6.291111111640930176e-01
1.447898343827989320e+00 6.651481389999389648e-01 1.579484326786465109e+00 6.277222037315368652e-01
1.439593957477145691e+00 6.715185046195983887e-01 1.571073480182223925e+00 6.241111159324645996e-01
1.443650526929784794e+00 6.648148298263549805e-01 1.570196067598131018e+00 6.286666393280029297e-01
1.442281994854962335e+00 6.674814820289611816e-01 1.571180077870686809e+00 6.256666779518127441e-01
1.448769250375253170e+00 6.597777605056762695e-01 1.563842013253105900e+00 6.261666417121887207e-01
1.426225918310659813e+00 6.727777719497680664e-01 1.575088172488742444e+00 6.253333091735839844e-01
1.431182024425930344e+00 6.665555834770202637e-01 1.571845705244276248e+00 6.254444718360900879e-01
1.438291545867919963e+00 6.673333048820495605e-01 1.568867298126220611e+00 6.268333196640014648e-01
1.432898598776923382e+00 6.678888797760009766e-01 1.564119123246934695e+00 6.257777810096740723e-01
1.438309193717108858e+00 6.647037267684936523e-01 1.570112708303663451e+00 6.260555386543273926e-01
1.435146261285852542e+00 6.657778024673461914e-01 1.558956644058227647e+00 6.274444460868835449e-01
1.431445870646723906e+00 6.641481518745422363e-01 1.556358973291185110e+00 6.271111369132995605e-01
1.429926502616317263e+00 6.664444208145141602e-01 1.562042906231350337e+00 6.301110982894897461e-01
1.435719072836416643e+00 6.651852130889892578e-01 1.548546951082017786e+00 6.326110959053039551e-01
1.425965309284351390e+00 6.674073934555053711e-01 1.556638511021932070e+00 6.297777891159057617e-01
1.426837264131616712e+00 6.679259538650512695e-01 1.556776496357388018e+00 6.290555596351623535e-01
1.420866238700019046e+00 6.688148379325866699e-01 1.561511372566223077e+00 6.273333430290222168e-01
1.424238380644056612e+00 6.682962775230407715e-01 1.573711379792955167e+00 6.192777752876281738e-01
1.431347252386587554e+00 6.657037138938903809e-01 1.567480802536010742e+00 6.222777962684631348e-01
1.421423730497006988e+00 6.647037267684936523e-01 1.556121929062737275e+00 6.281111240386962891e-01
1.419217801765159326e+00 6.715185046195983887e-01 1.560712577607896501e+00 6.266111135482788086e-01
1.422457146891841218e+00 6.688888669013977051e-01 1.544665787802802281e+00 6.282777786254882812e-01
1.419322204307273516e+00 6.693333387374877930e-01 1.540645497004191178e+00 6.300555467605590820e-01
1.412186505988792140e+00 6.714444160461425781e-01 1.555572238604227664e+00 6.258888840675354004e-01
1.414349490766172002e+00 6.712222099304199219e-01 1.553001827557881631e+00 6.240555644035339355e-01
1.415337798224555188e+00 6.717407703399658203e-01 1.552404511981540169e+00 6.296666860580444336e-01
1.418197179653026385e+00 6.645925641059875488e-01 1.554189601686265743e+00 6.237221956253051758e-01
1.404043684853447882e+00 6.731111407279968262e-01 1.546618720690409399e+00 6.307222247123718262e-01
1.414240831304479418e+00 6.672962903976440430e-01 1.553291112581888900e+00 6.253888607025146484e-01
1.419703161098339050e+00 6.661111116409301758e-01 1.554715055465698326e+00 6.226111054420471191e-01
1.416853225390116267e+00 6.705555319786071777e-01 1.550654168023003487e+00 6.303333044052124023e-01
1.415172307932818452e+00 6.727407574653625488e-01 1.554834296968248264e+00 6.283888816833496094e-01
1.409188174177099073e+00 6.715925931930541992e-01 1.541869782129923427e+00 6.296111345291137695e-01
1.417396094710738463e+00 6.669629812240600586e-01 1.538410457823011557e+00 6.299999952316284180e-01
1.415777913411458311e+00 6.693703532218933105e-01 1.549773892614576543e+00 6.264444589614868164e-01
1.408822019506383860e+00 6.707037091255187988e-01 1.539238188425699816e+00 6.288333535194396973e-01
1.408929986459237504e+00 6.685555577278137207e-01 1.533982398880852527e+00 6.311666369438171387e-01
1.413818157372651374e+00 6.696666479110717773e-01 1.544570718447367375e+00 6.321666836738586426e-01
1.406520118360166105e+00 6.702592372894287109e-01 1.539263958613077854e+00 6.313889026641845703e-01
1.403077513200265303e+00 6.695185303688049316e-01 1.535192003568013552e+00 6.356666684150695801e-01
1.401231763274581432e+00 6.704074144363403320e-01 1.529205103450351322e+00 6.346666812896728516e-01
1.398944830435293607e+00 6.712592840194702148e-01 1.550742978625827329e+00 6.251666545867919922e-01
1.402877654393513973e+00 6.715925931930541992e-01 1.533188715193006812e+00 6.303889155387878418e-01
1.408575954507898409e+00 6.691481471061706543e-01 1.538378305329216822e+00 6.293333172798156738e-01
1.404610533396402960e+00 6.683333516120910645e-01 1.546128949801127028e+00 6.274999976158142090e-01
1.409387434429592467e+00 6.698889136314392090e-01 1.532890526665581676e+00 6.282777786254882812e-01
1.397449834929572310e+00 6.703333258628845215e-01 1.529339511129591100e+00 6.314444541931152344e-01
1.398782660802205369e+00 6.729629635810852051e-01 1.549274172570970221e+00 6.240000128746032715e-01
1.403704990245677742e+00 6.710370182991027832e-01 1.542671503702799374e+00 6.238889098167419434e-01
1.396855336789731616e+00 6.716296076774597168e-01 1.546060785505506630e+00 6.266666650772094727e-01
1.393514113496850948e+00 6.713703870773315430e-01 1.522793147934807578e+00 6.328889131546020508e-01
1.395178625248096660e+00 6.698518395423889160e-01 1.518571868260701452e+00 6.343888640403747559e-01
1.400511773427327578e+00 6.696666479110717773e-01 1.520880617035759830e+00 6.307222247123718262e-01
1.404919013376589199e+00 6.698518395423889160e-01 1.541123516082763656e+00 6.246666908264160156e-01
1.395964004622565424e+00 6.743333339691162109e-01 1.533426721254984582e+00 6.315555572509765625e-01
1.402553595578228895e+00 6.683333516120910645e-01 1.522760368771023165e+00 6.365555524826049805e-01
1.394929697142706981e+00 6.698518395423889160e-01 1.523439181751675031e+00 6.301666498184204102e-01
1.391306804974873801e+00 6.726296544075012207e-01 1.527785487174987855e+00 6.349999904632568359e-01
1.396692932270191312e+00 6.711851954460144043e-01 1.532586039755079454e+00 6.245555281639099121e-01
1.391050715305186980e+00 6.742222309112548828e-01 1.514075376616583979e+00 6.344444155693054199e-01
1.382103649139404311e+00 6.738518476486206055e-01 1.514249987920125218e+00 6.351666450500488281e-01
1.388375290694060071e+00 6.725184917449951172e-01 1.522082290861341614e+00 6.363888978958129883e-01
1.383180145616884626e+00 6.737407445907592773e-01 1.522769836531745025e+00 6.324444413185119629e-01
1.380449760578296825e+00 6.757037043571472168e-01 1.524103281444973312e+00 6.308888792991638184e-01
1.384079883151584145e+00 6.740740537643432617e-01 1.520461116896735243e+00 6.339444518089294434e-01
1.383787399433277221e+00 6.714444160461425781e-01 1.521340451664394910e+00 6.342777609825134277e-01
1.376824378790678871e+00 6.778148412704467773e-01 1.529275713390774172e+00 6.326110959053039551e-01
1.378876260156984612e+00 6.740000247955322266e-01 1.532643727090623686e+00 6.290555596351623535e-01
1.380425132256966947e+00 6.727036833763122559e-01 1.537698216014438124e+00 6.367222070693969727e-01
1.375228460099962025e+00 6.749629378318786621e-01 1.515856092664930488e+00 6.316111087799072266e-01
1.387996138819941772e+00 6.730740666389465332e-01 1.527288729879591189e+00 6.302777528762817383e-01
1.383949272297046784e+00 6.746666431427001953e-01 1.516036052385965949e+00 6.362222433090209961e-01
1.379464777346010473e+00 6.745185256004333496e-01 1.511586208979288637e+00 6.376110911369323730e-01
1.381881667031182204e+00 6.724444627761840820e-01 1.518514332559373736e+00 6.347777843475341797e-01
1.382421363547996274e+00 6.731851696968078613e-01 1.529738280614217016e+00 6.252222061157226562e-01
1.379726078598587646e+00 6.742222309112548828e-01 1.507235167079501670e+00 6.331111192703247070e-01
1.384998903627748801e+00 6.738148331642150879e-01 1.518689184188842800e+00 6.278889179229736328e-01
1.378734286484894822e+00 6.762222051620483398e-01 1.518105034192403169e+00 6.322777867317199707e-01
1.377827013439602233e+00 6.730740666389465332e-01 1.531684597439236128e+00 6.262221932411193848e-01
1.373503168918468242e+00 6.750741004943847656e-01 1.513007941563924152e+00 6.379444599151611328e-01
1.373853867142288854e+00 6.745926141738891602e-01 1.502889659775628051e+00 6.333888769149780273e-01
1.374170581711663175e+00 6.769258975982666016e-01 1.522152286211649663e+00 6.296111345291137695e-01
1.366874733818902010e+00 6.792592406272888184e-01 1.517464583608839179e+00 6.297777891159057617e-01
1.372610356542799170e+00 6.739259362220764160e-01 1.502952759530809201e+00 6.340000033378601074e-01
1.421745088577270444e+00 6.642592549324035645e-01 1.536947409947713172e+00 6.265555620193481445e-01
1.386512407585426709e+00 6.716666817665100098e-01 1.501528536902533739e+00 6.346111297607421875e-01
1.371409935598020269e+00 6.759999990463256836e-01 1.512205423355102551e+00 6.343333125114440918e-01
1.366443670732003568e+00 6.744444370269775391e-01 1.509991079754299692e+00 6.340555548667907715e-01
1.361315660865218602e+00 6.787037253379821777e-01 1.505513586362202894e+00 6.331111192703247070e-01
1.374902609083387572e+00 6.748518347740173340e-01 1.509427149030897253e+00 6.344444155693054199e-01
1.372395240995619048e+00 6.725925803184509277e-01 1.521260822719997741e+00 6.302222013473510742e-01
1.370967233869764490e+00 6.761111021041870117e-01 1.517072808053758326e+00 6.325555443763732910e-01
1.371168930230317384e+00 6.738148331642150879e-01 1.519610876189337878e+00 6.312222480773925781e-01
1.368494456503126289e+00 6.737407445907592773e-01 1.522556442578633540e+00 6.266111135482788086e-01
1.369719537840949242e+00 6.763333082199096680e-01 1.505298435423109371e+00 6.393333077430725098e-01
1.372408115457605327e+00 6.767407655715942383e-01 1.503570361031426383e+00 6.370555758476257324e-01
1.370500905955279292e+00 6.715555787086486816e-01 1.514811675389607704e+00 6.316111087799072266e-01
1.372884832770736141e+00 6.759629845619201660e-01 1.499082416958279040e+00 6.387777924537658691e-01
1.361209977149963279e+00 6.772222518920898438e-01 1.505406774520874125e+00 6.331666707992553711e-01
1.361946333355373850e+00 6.784814596176147461e-01 1.504835228390163815e+00 6.326110959053039551e-01
1.367831851711979629e+00 6.769629716873168945e-01 1.497104189130995078e+00 6.346666812896728516e-01
1.363338717919808873e+00 6.779629588127136230e-01 1.498175539440578907e+00 6.365000009536743164e-01
1.372618093702528297e+00 6.741111278533935547e-01 1.500445383601718419e+00 6.347777843475341797e-01
1.364458778911166625e+00 6.756666898727416992e-01 1.508457186381022108e+00 6.309999823570251465e-01
1.361287767763491141e+00 6.761851906776428223e-01 1.511174490822686067e+00 6.276666522026062012e-01
1.372709425325746802e+00 6.703333258628845215e-01 1.502014625231425038e+00 6.313333511352539062e-01
1.353167380650838192e+00 6.793333292007446289e-01 1.508410531785753017e+00 6.343333125114440918e-01
1.359185888537654208e+00 6.769629716873168945e-01 1.505678073459201460e+00 6.345000267028808594e-01
1.356975420386702824e+00 6.743703484535217285e-01 1.540424652523464610e+00 6.217777729034423828e-01
1.355278665754530154e+00 6.778888702392578125e-01 1.523598017162746787e+00 6.336666941642761230e-01
1.356990639015480227e+00 6.785185337066650391e-01 1.518045570267571254e+00 6.282222270965576172e-01
1.362977402015968620e+00 6.770740747451782227e-01 1.610941309822930156e+00 6.317777633666992188e-01
1.354579848254168439e+00 6.815925836563110352e-01 1.512009382565816296e+00 6.323888897895812988e-01
1.352383609771728556e+00 6.781111359596252441e-01 1.517776924345228373e+00 6.296111345291137695e-01
1.373013046229327072e+00 6.747037172317504883e-01 1.503109898249308296e+00 6.334444284439086914e-01
1.366349848288076929e+00 6.769258975982666016e-01 1.499169480641682872e+00 6.367222070693969727e-01
1.353416719719215733e+00 6.800000071525573730e-01 1.503480962223476824e+00 6.329444646835327148e-01
1.352154645107410680e+00 6.805185079574584961e-01 1.512834361182318732e+00 6.311110854148864746e-01
1.347290777912846238e+00 6.818518638610839844e-01 1.504357118606567401e+00 6.343888640403747559e-01
1.366207433735882715e+00 6.755555272102355957e-01 1.499921432495117113e+00 6.359444260597229004e-01
1.350532544347974984e+00 6.811481714248657227e-01 1.498275239308675122e+00 6.357777714729309082e-01
1.343294597555089842e+00 6.808148026466369629e-01 1.499230066723293620e+00 6.368333101272583008e-01
1.342955031854135006e+00 6.808888912200927734e-01 1.492635985904269713e+00 6.374444365501403809e-01
1.347669110827975913e+00 6.815184950828552246e-01 1.481174296485053166e+00 6.401110887527465820e-01
1.348421936882866712e+00 6.791481375694274902e-01 1.492605754640367266e+00 6.346111297607421875e-01
1.351218756534435128e+00 6.811481714248657227e-01 1.501878536436292766e+00 6.320000290870666504e-01
1.342228031229089735e+00 6.822962760925292969e-01 1.494285557005140541e+00 6.370555758476257324e-01
1.347186161394472448e+00 6.793333292007446289e-01 1.501042327033148771e+00 6.308333277702331543e-01
1.358281814610516669e+00 6.749259233474731445e-01 1.517921487596299857e+00 6.240555644035339355e-01
1.360399639906706648e+00 6.789629459381103516e-01 1.513244275199042477e+00 6.324999928474426270e-01
1.346845201951486048e+00 6.791852116584777832e-01 1.498174237251281848e+00 6.359999775886535645e-01
1.345397590142709321e+00 6.769258975982666016e-01 1.496063858350118014e+00 6.343333125114440918e-01
1.343880221119633456e+00 6.802963018417358398e-01 1.493294396082560205e+00 6.411111354827880859e-01
1.360437975989447601e+00 6.768888831138610840e-01 1.506936126603020565e+00 6.276111006736755371e-01
1.343035377219871318e+00 6.816666722297668457e-01 1.494508214738633933e+00 6.345000267028808594e-01
1.344888929790920784e+00 6.774814724922180176e-01 1.491851932949489923e+00 6.327777504920959473e-01
1.348618183665805326e+00 6.790370345115661621e-01 1.490463051160176633e+00 6.389999985694885254e-01
1.346424585872226354e+00 6.797407269477844238e-01 1.501462754673428046e+00 6.370000243186950684e-01
1.340559832396330586e+00 6.793333292007446289e-01 1.490773708661397245e+00 6.356666684150695801e-01
1.336104766704418134e+00 6.834814548492431641e-01 1.506028052118089544e+00 6.264444589614868164e-01
1.336286543104383773e+00 6.827037334442138672e-01 1.496141827371385347e+00 6.382222175598144531e-01
1.350534534489666871e+00 6.783333420753479004e-01 1.490812204149034370e+00 6.366111040115356445e-01
1.342583994759453558e+00 6.817036867141723633e-01 1.499883669747246628e+00 6.308333277702331543e-01
1.343708224119963379e+00 6.800000071525573730e-01 1.475730433464050195e+00 6.396666765213012695e-01
1.340832347092805188e+00 6.814814805984497070e-01 1.489172375149196981e+00 6.387777924537658691e-01
1.414521686377348653e+00 6.634444594383239746e-01 1.742262346691555441e+00 6.309444308280944824e-01
1.373157088668258030e+00 6.694814562797546387e-01 1.503492562505933883e+00 6.331111192703247070e-01
1.353052192758630756e+00 6.756666898727416992e-01 1.495214048809475393e+00 6.352777481079101562e-01
1.340378941747877306e+00 6.809999942779541016e-01 1.496678223715888212e+00 6.385555267333984375e-01
1.343857973946465334e+00 6.801851987838745117e-01 1.490375192430284379e+00 6.350555419921875000e-01
1.336993231667412685e+00 6.808518767356872559e-01 1.479273669666714142e+00 6.414999961853027344e-01
1.336322473737928673e+00 6.832592487335205078e-01 1.495585461298624574e+00 6.353889107704162598e-01
1.338436492284138968e+00 6.857777833938598633e-01 1.488827926317850769e+00 6.353889107704162598e-01
1.348914612946686908e+00 6.800370216369628906e-01 1.485598068449232256e+00 6.399999856948852539e-01
1.340673570421006877e+00 6.812592744827270508e-01 1.490433304574754425e+00 6.371111273765563965e-01
1.338663760149920501e+00 6.811110973358154297e-01 1.491924759546915613e+00 6.319444179534912109e-01
1.333679304264209886e+00 6.840370297431945801e-01 1.493001380814446444e+00 6.382222175598144531e-01
1.336082949744330506e+00 6.797778010368347168e-01 1.497070808092753058e+00 6.323333382606506348e-01
1.336749881002638141e+00 6.819999814033508301e-01 1.493642354011535556e+00 6.341666579246520996e-01
1.327161796357896550e+00 6.819999814033508301e-01 1.479463106155395558e+00 6.340000033378601074e-01
1.328876046710544268e+00 6.852592825889587402e-01 1.485461353831821096e+00 6.369444727897644043e-01
1.326416451524805140e+00 6.858147978782653809e-01 1.486404775619506902e+00 6.377221941947937012e-01
1.346350120120578309e+00 6.800370216369628906e-01 1.492888051456875198e+00 6.347777843475341797e-01
1.347865911165873287e+00 6.755926012992858887e-01 1.502623295783996671e+00 6.315555572509765625e-01
1.338122836925365267e+00 6.781481504440307617e-01 1.503083807309468556e+00 6.345000267028808594e-01
1.353269196828206455e+00 6.766296029090881348e-01 1.481395416895548545e+00 6.363888978958129883e-01
1.325927128156026313e+00 6.839259266853332520e-01 1.501186631520589287e+00 6.377778053283691406e-01
1.328814947693436332e+00 6.831111311912536621e-01 1.502730609681871110e+00 6.318333148956298828e-01
1.338765924206486435e+00 6.798889040946960449e-01 1.517796367857191298e+00 6.320000290870666504e-01
1.328001769666318443e+00 6.855555772781372070e-01 1.490233669175041964e+00 6.338333487510681152e-01
1.320053732271547764e+00 6.879259347915649414e-01 1.491107745170593191e+00 6.389444470405578613e-01
1.323579062779744575e+00 6.838889122009277344e-01 1.504842254108852861e+00 6.330555677413940430e-01
1.331145505834508747e+00 6.840000152587890625e-01 1.497874440511067773e+00 6.339444518089294434e-01
1.327197151713901180e+00 6.864444613456726074e-01 1.505891180144415920e+00 6.311110854148864746e-01
1.333999166241398582e+00 6.835185289382934570e-01 1.496571897718641520e+00 6.303889155387878418e-01
1.327128762209856871e+00 6.858147978782653809e-01 1.484023195266723549e+00 6.356666684150695801e-01
1.330409923235575276e+00 6.857036948204040527e-01 1.487187918980916290e+00 6.363888978958129883e-01
1.323161474793045578e+00 6.868148446083068848e-01 1.480799051284789947e+00 6.380000114440917969e-01
1.321286706571225711e+00 6.869999766349792480e-01 1.497545525444878400e+00 6.330000162124633789e-01
1.327599809929176589e+00 6.881481409072875977e-01 1.477531931241353291e+00 6.355555653572082520e-01
1.319560698685822597e+00 6.864444613456726074e-01 1.486813873820834742e+00 6.434999704360961914e-01
1.322863736470540452e+00 6.842222213745117188e-01 1.483592967881096625e+00 6.376666426658630371e-01
1.324467330861974546e+00 6.840000152587890625e-01 1.493521424717373369e+00 6.385555267333984375e-01
1.327330900580794726e+00 6.841852068901062012e-01 1.503997336705525711e+00 6.325555443763732910e-01
1.331609431266784771e+00 6.827777624130249023e-01 1.491676899380154131e+00 6.354444622993469238e-01
1.342220440899884348e+00 6.769999861717224121e-01 1.481374815199110184e+00 6.406111121177673340e-01
1.326270260916815769e+00 6.855555772781372070e-01 1.494109072261386340e+00 6.403333544731140137e-01
1.334680271184002898e+00 6.777036786079406738e-01 1.480352784156799384e+00 6.383333206176757812e-01
1.324771158394990156e+00 6.850000023841857910e-01 1.478120113796657975e+00 6.367222070693969727e-01
1.323029997649016298e+00 6.845926046371459961e-01 1.478446684095594543e+00 6.379444599151611328e-01
1.323452648833945977e+00 6.835926175117492676e-01 1.486407774607340526e+00 6.376110911369323730e-01
1.319994916633323356e+00 6.876666545867919922e-01 1.490516857677035789e+00 6.357777714729309082e-01
1.322963533719380802e+00 6.848888993263244629e-01 1.475711065716213577e+00 6.357222199440002441e-01
1.324364519048620181e+00 6.843703985214233398e-01 1.488165743086073078e+00 6.413333415985107422e-01
1.317459645271301216e+00 6.860740780830383301e-01 1.485026256455315385e+00 6.392222046852111816e-01
1.320215903388129330e+00 6.867407560348510742e-01 1.475910491731431851e+00 6.372777819633483887e-01
1.328472931826556236e+00 6.814073920249938965e-01 1.491487735536363379e+00 6.364444494247436523e-01
1.324507139205932660e+00 6.827037334442138672e-01 1.495137406243218336e+00 6.320555806159973145e-01
1.320271929846869474e+00 6.862221956253051758e-01 1.492794542736477270e+00 6.328333616256713867e-01
1.321482568564238402e+00 6.834074258804321289e-01 1.482188230620490099e+00 6.411111354827880859e-01
1.312749039543999574e+00 6.880370378494262695e-01 1.519053563965691467e+00 6.411666870117187500e-01
1.329513444829870217e+00 6.861110925674438477e-01 1.478834936565823099e+00 6.424444317817687988e-01
1.338414243698120121e+00 6.776666641235351562e-01 1.523645095189412491e+00 6.265000104904174805e-01
1.321041747022558166e+00 6.859999895095825195e-01 1.477216519567701614e+00 6.372222304344177246e-01
1.317133863696345664e+00 6.870740652084350586e-01 1.476496547381083158e+00 6.394444704055786133e-01
1.316461682602211303e+00 6.843703985214233398e-01 1.482921991878085599e+00 6.369444727897644043e-01
1.316105234640615906e+00 6.907036900520324707e-01 1.471769997490776971e+00 6.415555477142333984e-01
1.346027928634926152e+00 6.796666383743286133e-01 1.467621789720323422e+00 6.434444189071655273e-01
1.320447733172663840e+00 6.873703598976135254e-01 1.484642271253797663e+00 6.396111249923706055e-01
1.317741694662305951e+00 6.859259009361267090e-01 1.492247651524013952e+00 6.332777738571166992e-01
1.318281889209040880e+00 6.860370635986328125e-01 1.468693413098653089e+00 6.422222256660461426e-01
1.402639307763841492e+00 6.735925674438476562e-01 1.492362675772772818e+00 6.326666474342346191e-01
1.322166980354874122e+00 6.827037334442138672e-01 1.474414508819580139e+00 6.393333077430725098e-01
1.316232422475461572e+00 6.838518381118774414e-01 1.479127991570366785e+00 6.377221941947937012e-01
1.311776566081576778e+00 6.880370378494262695e-01 1.483888634469773926e+00 6.365000009536743164e-01
1.333412866097909433e+00 6.792222261428833008e-01 1.480463401794433587e+00 6.388888955116271973e-01
1.317785857024016183e+00 6.854814887046813965e-01 1.493904438760545572e+00 6.342222094535827637e-01
1.357581835676122672e+00 6.763703823089599609e-01 1.548340565257602330e+00 6.153888702392578125e-01
1.350212840080261323e+00 6.758518815040588379e-01 1.468635042720370931e+00 6.407222151756286621e-01
1.340023869337858997e+00 6.814814805984497070e-01 1.495467361450195209e+00 6.337222456932067871e-01
1.350894391872264677e+00 6.752592325210571289e-01 1.495800773196750200e+00 6.305000185966491699e-01
1.330578856256273035e+00 6.837037205696105957e-01 1.470302506234910656e+00 6.401110887527465820e-01
1.317253190287837272e+00 6.880740523338317871e-01 1.479446270094977534e+00 6.380000114440917969e-01
1.320046098956355385e+00 6.863703727722167969e-01 1.479954761505126948e+00 6.365555524826049805e-01
1.310349353860925659e+00 6.915925741195678711e-01 1.477941742155286953e+00 6.368888616561889648e-01
1.311527774916754874e+00 6.906666755676269531e-01 1.472176848835415219e+00 6.399999856948852539e-01
1.306768631334658037e+00 6.914073824882507324e-01 1.481646247757805623e+00 6.363888978958129883e-01
1.311053361539487483e+00 6.880740523338317871e-01 1.485520752482944129e+00 6.391666531562805176e-01
1.304889664084823098e+00 6.914444565773010254e-01 1.473371899074978231e+00 6.430555582046508789e-01
1.307324073367648554e+00 6.919259428977966309e-01 1.459897306018405505e+00 6.437222361564636230e-01
1.310123947920622589e+00 6.878148317337036133e-01 1.468091021007961627e+00 6.445000171661376953e-01
1.310420743094550255e+00 6.877777576446533203e-01 1.470785940806071057e+00 6.407222151756286621e-01
1.310953398386637270e+00 6.872222423553466797e-01 1.465907537884182377e+00 6.407777667045593262e-01
1.307599348068237299e+00 6.877407431602478027e-01 1.471467391543918257e+00 6.416110992431640625e-01
1.310521565225389207e+00 6.855185031890869141e-01 1.474730338838365240e+00 6.389444470405578613e-01
1.306386366385000830e+00 6.894814968109130859e-01 1.468619902504815000e+00 6.423888802528381348e-01
1.316766417044180404e+00 6.891481280326843262e-01 1.498042258474561850e+00 6.289444565773010254e-01
1.306515501516836597e+00 6.886666417121887207e-01 1.471470193015204542e+00 6.435555815696716309e-01
1.314844766899391448e+00 6.878518462181091309e-01 1.480139374309116018e+00 6.330555677413940430e-01
1.310709555555273020e+00 6.899259090423583984e-01 1.471775343577067074e+00 6.407222151756286621e-01
1.308430499959875037e+00 6.896296143531799316e-01 1.468283450656467037e+00 6.449999809265136719e-01
1.309829413166752499e+00 6.867407560348510742e-01 1.477827662997775571e+00 6.408333182334899902e-01
1.306764247858965833e+00 6.891481280326843262e-01 1.466410715527004749e+00 6.417222023010253906e-01
1.306312797652350532e+00 6.900370121002197266e-01 1.458571820471021852e+00 6.418889164924621582e-01
1.308695697996351548e+00 6.874444484710693359e-01 1.475858160548739972e+00 6.364444494247436523e-01
1.303396442095438701e+00 6.880000233650207520e-01 1.472146140628390887e+00 6.402222514152526855e-01
1.314025500120939993e+00 6.891111135482788086e-01 1.466925633748372482e+00 6.440555453300476074e-01
1.311647520418520285e+00 6.871111392974853516e-01 1.509955300013224200e+00 6.268888711929321289e-01
1.403443843241091171e+00 6.815184950828552246e-01 1.816044654528299995e+00 5.500000119209289551e-01
1.469414995193481399e+00 6.350370645523071289e-01 1.515127310964796248e+00 6.256666779518127441e-01
1.335545123170923221e+00 6.777777671813964844e-01 1.460439836714002793e+00 6.399999856948852539e-01
1.303780271848042904e+00 6.912962794303894043e-01 1.487503069983588277e+00 6.397222280502319336e-01
1.313898279543276093e+00 6.905184984207153320e-01 1.475900588989257800e+00 6.388333439826965332e-01
1.304451515621609214e+00 6.899629831314086914e-01 1.477240096304151651e+00 6.389444470405578613e-01
1.306938372506035728e+00 6.921111345291137695e-01 1.472275639110141254e+00 6.419444680213928223e-01
1.298222407658894850e+00 6.919259428977966309e-01 1.466829921086629129e+00 6.452222466468811035e-01
1.312824678809554557e+00 6.882222294807434082e-01 1.474891970634460536e+00 6.414999961853027344e-01
1.305679425274884231e+00 6.901481747627258301e-01 1.466722234196133012e+00 6.421666741371154785e-01
1.305143851739388960e+00 6.908888816833496094e-01 1.480817400720384480e+00 6.419444680213928223e-01
1.305949405670165930e+00 6.900740861892700195e-01 1.464014112896389497e+00 6.435555815696716309e-01
1.297833341492546921e+00 6.920740604400634766e-01 1.465542754491170330e+00 6.447222232818603516e-01
1.300875432402999410e+00 6.898148059844970703e-01 1.461645340813530813e+00 6.418333053588867188e-01
1.306531629844948084e+00 6.891852021217346191e-01 1.467402814971076053e+00 6.422222256660461426e-01
1.303954242211801118e+00 6.906296014785766602e-01 1.482002884758843342e+00 6.361666917800903320e-01
1.301274526525426856e+00 6.891111135482788086e-01 1.466787695248921608e+00 6.401110887527465820e-01
1.299443611250983288e+00 6.911110877990722656e-01 1.469945723533630400e+00 6.464444398880004883e-01
1.303844124688042561e+00 6.927407383918762207e-01 1.490097146564059782e+00 6.340000033378601074e-01
1.306441692493579998e+00 6.905555725097656250e-01 1.607006355709499790e+00 6.456111073493957520e-01
1.298058177771391763e+00 6.926296353340148926e-01 1.480795523749457443e+00 6.353889107704162598e-01
1.303737805083945878e+00 6.927777528762817383e-01 1.475023909038967629e+00 6.402778029441833496e-01
1.372844898930302371e+00 6.730370521545410156e-01 1.471042684343126128e+00 6.422777771949768066e-01
1.305511075337727922e+00 6.905555725097656250e-01 1.466588123321533210e+00 6.408888697624206543e-01
1.296285188321714132e+00 6.934815049171447754e-01 1.474251547495524006e+00 6.420555710792541504e-01
1.302903681437174388e+00 6.908147931098937988e-01 1.466125059657626739e+00 6.398333311080932617e-01
1.308516064290647263e+00 6.899629831314086914e-01 1.486461099094814831e+00 6.357777714729309082e-01
1.295803096735918869e+00 6.909629702568054199e-01 1.460585550096299867e+00 6.420000195503234863e-01
1.300377957379376337e+00 6.918148398399353027e-01 1.464557173622978992e+00 6.444444656372070312e-01
1.294202785880477435e+00 6.905555725097656250e-01 1.475584480815463673e+00 6.409999728202819824e-01
1.297530728869968009e+00 6.935185194015502930e-01 1.467492795096503322e+00 6.415555477142333984e-01
1.297509757183216150e+00 6.933703422546386719e-01 1.465747993257310755e+00 6.412777900695800781e-01
1.302210845276161377e+00 6.893703937530517578e-01 1.460942538049486039e+00 6.423333287239074707e-01
1.296042442922239024e+00 6.933703422546386719e-01 1.464892413775126245e+00 6.434999704360961914e-01
1.295416971277307594e+00 6.920740604400634766e-01 1.466403628879123344e+00 6.383333206176757812e-01
1.300258033681798819e+00 6.907036900520324707e-01 1.481380651050143715e+00 6.407777667045593262e-01
1.298738360793502133e+00 6.920740604400634766e-01 1.477245446523030692e+00 6.405555605888366699e-01
1.289685461962664537e+00 6.947777867317199707e-01 1.491496502664354074e+00 6.361666917800903320e-01
1.303489915035389135e+00 6.902222037315368652e-01 1.475759668986002637e+00 6.377221941947937012e-01
1.304220314025879013e+00 6.918148398399353027e-01 1.482649301528930597e+00 6.397222280502319336e-01
1.304971431202358589e+00 6.904073953628540039e-01 1.469087091233995279e+00 6.431111097335815430e-01
1.301689205381605374e+00 6.880740523338317871e-01 1.472046233283148764e+00 6.342777609825134277e-01
1.300274548919112538e+00 6.944074034690856934e-01 1.478947087393866600e+00 6.441110968589782715e-01
1.303951316727532284e+00 6.892222166061401367e-01 1.491775173399183529e+00 6.365000009536743164e-01
1.307078641114411521e+00 6.879629492759704590e-01 1.461432772530449675e+00 6.434999704360961914e-01
1.294393258730570428e+00 6.913703680038452148e-01 1.481576264487372452e+00 6.377221941947937012e-01
1.291835333223696036e+00 6.935926079750061035e-01 1.480655595143635983e+00 6.368333101272583008e-01
1.300464758767021944e+00 6.930740475654602051e-01 1.501459036085340815e+00 6.457777619361877441e-01
1.295904625645390329e+00 6.956296563148498535e-01 1.480180852042304096e+00 6.374999880790710449e-01
1.295946615501686328e+00 6.907777786254882812e-01 1.479462807973225935e+00 6.409999728202819824e-01
1.299675733213071505e+00 6.878888607025146484e-01 1.463977227528890035e+00 6.417222023010253906e-01
1.298352371251141557e+00 6.941851973533630371e-01 1.465644529236687532e+00 6.406666636466979980e-01
1.286501197461728641e+00 6.960740685462951660e-01 1.472085467020670668e+00 6.386666893959045410e-01
1.294071330882884840e+00 6.930740475654602051e-01 1.469199575636122024e+00 6.416666507720947266e-01
1.290400446432608206e+00 6.944444179534912109e-01 1.480470544497171970e+00 6.390555500984191895e-01
1.293696010165744426e+00 6.929259300231933594e-01 1.479528505643208813e+00 6.452777981758117676e-01
1.295874324480692508e+00 6.953703761100769043e-01 1.474107340282863943e+00 6.363333463668823242e-01
1.292262911549320936e+00 6.921111345291137695e-01 1.466126383463541627e+00 6.441666483879089355e-01
1.294960806917261120e+00 6.955925822257995605e-01 1.483527706146240188e+00 6.397777795791625977e-01
1.294224393067536560e+00 6.904444694519042969e-01 1.468657095273335766e+00 6.441666483879089355e-01
1.302037503489741566e+00 6.931481361389160156e-01 1.476972876336839491e+00 6.372777819633483887e-01
1.296564545666730073e+00 6.946296095848083496e-01 1.476568614747789221e+00 6.396111249923706055e-01
1.297356089697943693e+00 6.927777528762817383e-01 1.466627326647440555e+00 6.409999728202819824e-01
1.302398821336251622e+00 6.915185451507568359e-01 1.462356917805141876e+00 6.465555429458618164e-01
1.305512190889429158e+00 6.907777786254882812e-01 1.473771251890394485e+00 6.437777876853942871e-01
1.310012186015093727e+00 6.911851763725280762e-01 1.467691934797498821e+00 6.424444317817687988e-01
1.287152474862557794e+00 6.968518495559692383e-01 1.474040202670627187e+00 6.395555734634399414e-01
1.286339145660400307e+00 6.945185065269470215e-01 1.469249452590942306e+00 6.442777514457702637e-01
1.294762739181518629e+00 6.927037239074707031e-01 1.477489211506313849e+00 6.412222385406494141e-01
1.290484539950335519e+00 6.907407641410827637e-01 1.474973919550577772e+00 6.385555267333984375e-01
1.289047508522316310e+00 6.958147883415222168e-01 1.467346349504258907e+00 6.422222256660461426e-01
1.293748597039116710e+00 6.941481232643127441e-01 1.461420364379882875e+00 6.443333625793457031e-01
1.294461149710196102e+00 6.928889155387878418e-01 1.475841154946221145e+00 6.387777924537658691e-01
1.294132392106232876e+00 6.935926079750061035e-01 1.474462727016872865e+00 6.443333625793457031e-01
1.290002329685070004e+00 6.932592391967773438e-01 1.466525737762451209e+00 6.417222023010253906e-01
1.291501614711902723e+00 6.932592391967773438e-01 1.464985526720682829e+00 6.413333415985107422e-01
1.292642127072369584e+00 6.926666498184204102e-01 1.487428084903293257e+00 6.359999775886535645e-01
1.293443662396183802e+00 6.936666369438171387e-01 1.533905292510986396e+00 6.368333101272583008e-01
1.293915144567136410e+00 6.965555548667907715e-01 1.463730994330512125e+00 6.442221999168395996e-01
1.292759341663784367e+00 6.955555677413940430e-01 1.469840607113308328e+00 6.451666951179504395e-01
1.312056080782854961e+00 6.907777786254882812e-01 1.525099173545837461e+00 6.324444413185119629e-01
1.308984320252029931e+00 6.906296014785766602e-01 1.506579914093017614e+00 6.393333077430725098e-01
1.297113426702993788e+00 6.948148012161254883e-01 1.554595178286234614e+00 6.414999961853027344e-01
1.292669904638219736e+00 6.927407383918762207e-01 1.481984169642130533e+00 6.415555477142333984e-01
1.316663088198061438e+00 6.911851763725280762e-01 1.475878828154669975e+00 6.364444494247436523e-01
1.302804831858034529e+00 6.934074163436889648e-01 1.470116218249003071e+00 6.402778029441833496e-01
1.294631481276618201e+00 6.959259510040283203e-01 1.480596864700317372e+00 6.382777690887451172e-01
1.292603772198712475e+00 6.946296095848083496e-01 1.455898031446668739e+00 6.423888802528381348e-01
1.287572637557983457e+00 6.948888897895812988e-01 1.486172484079996803e+00 6.391111016273498535e-01
1.287884054077996110e+00 6.977037191390991211e-01 1.481883078151279065e+00 6.403889060020446777e-01
1.295014611844663266e+00 6.942222118377685547e-01 1.474437766075134215e+00 6.413888931274414062e-01
1.290696679715757078e+00 6.944444179534912109e-01 1.474823418829176225e+00 6.387777924537658691e-01
1.288451641612582632e+00 6.956296563148498535e-01 1.469360748079088008e+00 6.416110992431640625e-01
1.304131463404055058e+00 6.928518414497375488e-01 1.461769854333665686e+00 6.437777876853942871e-01
1.292510586244088655e+00 6.908518671989440918e-01 1.472587296062045636e+00 6.434999704360961914e-01
1.291014663307755050e+00 6.952592730522155762e-01 1.471375956005520180e+00 6.373333334922790527e-01
1.304626230699044598e+00 6.932963132858276367e-01 1.498207840813530867e+00 6.372777819633483887e-01
1.296812891924822742e+00 6.962222456932067871e-01 1.469110243797302262e+00 6.420000195503234863e-01
1.284125375041255346e+00 6.937037110328674316e-01 1.496336793899536222e+00 6.375555396080017090e-01
1.314861371888054631e+00 6.870370507240295410e-01 1.476960932413736938e+00 6.446666717529296875e-01
1.346467935208921052e+00 6.804074048995971680e-01 1.477697474267747557e+00 6.383888721466064453e-01
1.306535197611208288e+00 6.881851553916931152e-01 1.496748536639743277e+00 6.344444155693054199e-01
1.300620297255339342e+00 6.943703889846801758e-01 1.471556017769707569e+00 6.401110887527465820e-01
1.342644099694711102e+00 6.892963051795959473e-01 1.475952634599473789e+00 6.288333535194396973e-01
1.305233125545360418e+00 6.893703937530517578e-01 1.485696087837219181e+00 6.399444341659545898e-01
1.289424165125246491e+00 6.941851973533630371e-01 1.469803365919325033e+00 6.407222151756286621e-01
1.287972824732462662e+00 6.961851716041564941e-01 1.484465507507324311e+00 6.400555372238159180e-01
1.284749355104234381e+00 6.968518495559692383e-01 1.472539268917507638e+00 6.388888955116271973e-01
1.289825895768624830e+00 6.952592730522155762e-01 1.465345142788357258e+00 6.430000066757202148e-01
1.278382750793739531e+00 6.962592601776123047e-01 1.470881630261739126e+00 6.430555582046508789e-01
1.284269990426522678e+00 6.982592344284057617e-01 1.460701019499037079e+00 6.430000066757202148e-01
1.285978095160590362e+00 6.973333358764648438e-01 1.456245144526163715e+00 6.475555300712585449e-01
1.286481320487128377e+00 6.958518624305725098e-01 1.455652802573309978e+00 6.436666846275329590e-01
1.283116226090325274e+00 6.943333148956298828e-01 1.489669513066609774e+00 6.345000267028808594e-01
1.296833105228565319e+00 6.919259428977966309e-01 1.505868805779351227e+00 6.386111378669738770e-01
1.283756800651550289e+00 6.980000138282775879e-01 1.469714729521009566e+00 6.458888649940490723e-01
1.280762557912755950e+00 6.966666579246520996e-01 1.467037824206882002e+00 6.424444317817687988e-01
1.289098021719190745e+00 6.959259510040283203e-01 1.468071274015638528e+00 6.443889141082763672e-01
1.292152918956897878e+00 6.942222118377685547e-01 1.467237457275390566e+00 6.383888721466064453e-01
1.276240392614294006e+00 6.984815001487731934e-01 1.488552160898844345e+00 6.405555605888366699e-01
1.275094868483366728e+00 7.005184888839721680e-01 1.476307166311475960e+00 6.410555839538574219e-01
1.275946355890344774e+00 7.006666660308837891e-01 1.480982876777648949e+00 6.409444212913513184e-01
1.330504463972868701e+00 6.850370168685913086e-01 1.534631015565660173e+00 6.162777543067932129e-01
1.312131374853628740e+00 6.868148446083068848e-01 1.476623107062445817e+00 6.423333287239074707e-01
1.292706669277615017e+00 6.930000185966491699e-01 1.469208654615614229e+00 6.411666870117187500e-01
1.289104132263748648e+00 6.937407255172729492e-01 1.475386861801147420e+00 6.400555372238159180e-01
1.284177121409663558e+00 7.000370621681213379e-01 1.472238304456074953e+00 6.449999809265136719e-01
1.282851714346143979e+00 6.973333358764648438e-01 1.474814688894483750e+00 6.399999856948852539e-01
1.282163944385669829e+00 6.940370202064514160e-01 1.474734331978691859e+00 6.408333182334899902e-01
1.278496438944781266e+00 6.961481571197509766e-01 1.463567643907335070e+00 6.437777876853942871e-01
1.286856397169607646e+00 6.967777609825134277e-01 1.507635573599073631e+00 6.421666741371154785e-01
1.277406338161892307e+00 6.994814872741699219e-01 1.498682835684882253e+00 6.427222490310668945e-01
1.278322679166440601e+00 6.989259123802185059e-01 1.462306772443983327e+00 6.418889164924621582e-01
1.305140135058650230e+00 6.919999718666076660e-01 1.472504949887593506e+00 6.426110863685607910e-01
1.278908241519221445e+00 6.954073905944824219e-01 1.477422950108846056e+00 6.378333568572998047e-01
1.291539912223815811e+00 6.921851634979248047e-01 1.467413534270392450e+00 6.436666846275329590e-01
1.330945719047828879e+00 6.849259138107299805e-01 1.468652886284722126e+00 6.417222023010253906e-01
1.291980226658008712e+00 6.921111345291137695e-01 1.471697188271416490e+00 6.411666870117187500e-01
1.288949122640821621e+00 6.955925822257995605e-01 1.471450581232706778e+00 6.366666555404663086e-01
1.284972952418857117e+00 6.956296563148498535e-01 1.471974578857421889e+00 6.402222514152526855e-01
1.282230731398970924e+00 7.007036805152893066e-01 1.477422378116183710e+00 6.380555629730224609e-01
1.282019783585159889e+00 6.985185146331787109e-01 1.463337923473781998e+00 6.439999938011169434e-01
1.281716552840338919e+00 6.959999799728393555e-01 1.456132185194227491e+00 6.449444293975830078e-01
1.277666104775887934e+00 6.978889107704162598e-01 1.476638690736558734e+00 6.399444341659545898e-01
1.283586885099057717e+00 6.952592730522155762e-01 1.470155008104112371e+00 6.421111226081848145e-01
1.278317259823834373e+00 7.007036805152893066e-01 1.462710434807671378e+00 6.414444446563720703e-01
1.285050842920939074e+00 6.972222328186035156e-01 1.468927483028835690e+00 6.374444365501403809e-01
1.319119887881808895e+00 6.911851763725280762e-01 1.485165690633985625e+00 6.367777585983276367e-01
1.300980273282086319e+00 6.918888688087463379e-01 1.478349362797207300e+00 6.391666531562805176e-01
1.289554824122676191e+00 6.952592730522155762e-01 1.484326866891648944e+00 6.380000114440917969e-01
1.290552117453681147e+00 6.945185065269470215e-01 1.468566862848069920e+00 6.409444212913513184e-01
1.277600819199173454e+00 6.992592811584472656e-01 1.471438141187032089e+00 6.456666588783264160e-01
1.287569437839366726e+00 6.944814920425415039e-01 1.465293721410963368e+00 6.425555348396301270e-01
1.348545634622926981e+00 6.815555691719055176e-01 1.468117918650309273e+00 6.406111121177673340e-01
1.300213960082442721e+00 6.927407383918762207e-01 1.463946527057223834e+00 6.447777748107910156e-01
1.286315071847703662e+00 6.927407383918762207e-01 1.459271109475029915e+00 6.435555815696716309e-01
1.281831760441815460e+00 6.976296305656433105e-01 1.464668828116522992e+00 6.431111097335815430e-01
1.279727922262968942e+00 6.968148350715637207e-01 1.473630041334364149e+00 6.392777562141418457e-01
1.279966551321524149e+00 6.993333101272583008e-01 1.470890814357333820e+00 6.416666507720947266e-01
1.272109441227383009e+00 7.004444599151611328e-01 1.468685352537367095e+00 6.445000171661376953e-01
1.271935135947333428e+00 7.010740637779235840e-01 1.475031047185262123e+00 6.414999961853027344e-01
1.280395755803143576e+00 6.980741024017333984e-01 1.462851010428534604e+00 6.450555324554443359e-01
1.277000937002676473e+00 6.981111168861389160e-01 1.456342939694722505e+00 6.515555381774902344e-01
1.278960886496084637e+00 6.974814534187316895e-01 1.476859821001688555e+00 6.438888907432556152e-01
1.279466831207275446e+00 7.019629478454589844e-01 1.483693610615200553e+00 6.370555758476257324e-01
1.287641242345174186e+00 6.982963085174560547e-01 1.467256726370917530e+00 6.424444317817687988e-01
1.378105475496362864e+00 6.774444580078125000e-01 1.501137266476949117e+00 6.298333406448364258e-01
1.340152020560370527e+00 6.771851778030395508e-01 1.490213420126173194e+00 6.355555653572082520e-01
1.311097944683498717e+00 6.861851811408996582e-01 1.494354636934068559e+00 6.335555315017700195e-01
1.304679620530870165e+00 6.884074211120605469e-01 1.479083575884501123e+00 6.358888745307922363e-01
1.287037573708428306e+00 6.928518414497375488e-01 1.460305050320095388e+00 6.466666460037231445e-01
1.281620053079393085e+00 6.985555291175842285e-01 1.480613935682508764e+00 6.367777585983276367e-01
1.288235594572844311e+00 6.968518495559692383e-01 1.471441728909810287e+00 6.417777538299560547e-01
1.278128424185293710e+00 6.976296305656433105e-01 1.455189423243204772e+00 6.489444375038146973e-01
1.274039967430962372e+00 6.995925903320312500e-01 1.469822123421562932e+00 6.456666588783264160e-01
1.277278362698025083e+00 6.947407126426696777e-01 1.458248425589667496e+00 6.437222361564636230e-01
1.281168252591733614e+00 6.959629654884338379e-01 1.466376783159043962e+00 6.401666402816772461e-01
1.275536165873209615e+00 6.965555548667907715e-01 1.465869453959994795e+00 6.406111121177673340e-01
1.267976393487718401e+00 7.009999752044677734e-01 1.480953920152452197e+00 6.426666378974914551e-01
1.282471585273742720e+00 6.960740685462951660e-01 1.468126060591803617e+00 6.392777562141418457e-01
1.274422495736016181e+00 6.988888978958129883e-01 1.469757434739006996e+00 6.448333263397216797e-01
1.273320260754337907e+00 6.978148221969604492e-01 1.470684842427571581e+00 6.409444212913513184e-01
1.276996162661799605e+00 6.991111040115356445e-01 1.471140555063883415e+00 6.414999961853027344e-01
1.278916098347416597e+00 6.972592473030090332e-01 1.473002124998304518e+00 6.394444704055786133e-01
1.280149840460883315e+00 6.977407336235046387e-01 1.475921105172899095e+00 6.427222490310668945e-01
1.278158941940024995e+00 6.998147964477539062e-01 1.465157642682393346e+00 6.433888673782348633e-01
1.273295834223429290e+00 6.996296048164367676e-01 1.458108790503607866e+00 6.435555815696716309e-01
1.272140674379136804e+00 7.023703455924987793e-01 1.474618766466776476e+00 6.432222127914428711e-01
1.275249245820222033e+00 7.004444599151611328e-01 1.470500074068705310e+00 6.389999985694885254e-01
1.270209286053975317e+00 7.007036805152893066e-01 1.472336413171556169e+00 6.416110992431640625e-01
1.266361891004774254e+00 7.051110863685607910e-01 1.487866733445061485e+00 6.362222433090209961e-01
1.290502452214558948e+00 6.941851973533630371e-01 1.477380225711398598e+00 6.396666765213012695e-01
1.285290599787676680e+00 6.975926160812377930e-01 1.479041731516520075e+00 6.376110911369323730e-01
1.286761490574589439e+00 6.969259381294250488e-01 1.466590742429097594e+00 6.407777667045593262e-01
1.270532336906150528e+00 7.016666531562805176e-01 1.465178056822882713e+00 6.436111330986022949e-01
1.278195460919980597e+00 6.977407336235046387e-01 1.475396780755784842e+00 6.400555372238159180e-01
1.271742399074413221e+00 6.991851925849914551e-01 1.488011024687025285e+00 6.348333358764648438e-01
1.266120793307269121e+00 6.995555758476257324e-01 1.456930776384141701e+00 6.467221975326538086e-01
1.276021393458048436e+00 6.992222070693969727e-01 1.454489677853054497e+00 6.434444189071655273e-01
1.275795235845777809e+00 6.966666579246520996e-01 1.466317023065355052e+00 6.445555686950683594e-01
1.287748072977419334e+00 6.964073777198791504e-01 1.459059874216715569e+00 6.434444189071655273e-01
1.275498068420975351e+00 6.988518238067626953e-01 1.469242114702860480e+00 6.462777853012084961e-01
1.279555007334108652e+00 6.981852054595947266e-01 1.463514813105265322e+00 6.424999833106994629e-01
1.270700228655779807e+00 7.028889060020446777e-01 1.468626136038038377e+00 6.433333158493041992e-01
1.275065480691415232e+00 6.994814872741699219e-01 1.474362445725335036e+00 6.411666870117187500e-01
1.271827906008119902e+00 7.022592425346374512e-01 1.468333761003282278e+00 6.419444680213928223e-01
1.271804935525964853e+00 7.021111249923706055e-01 1.461697063446044886e+00 6.433333158493041992e-01
1.272060094868695312e+00 7.003333568572998047e-01 1.461002454545762719e+00 6.441110968589782715e-01
1.443769186585037723e+00 6.911481618881225586e-01 1.476925075848897206e+00 6.382777690887451172e-01
1.300042854379724666e+00 6.897777915000915527e-01 1.474209770202636660e+00 6.382777690887451172e-01
1.286630966504414886e+00 6.964444518089294434e-01 1.474945858849419533e+00 6.374444365501403809e-01
1.277083880035965624e+00 6.969629526138305664e-01 1.460459168222215443e+00 6.495000123977661133e-01
1.271674634544937676e+00 7.009629607200622559e-01 1.470510452164544013e+00 6.383888721466064453e-01
1.271356683236581242e+00 7.015185356140136719e-01 1.468523452017042263e+00 6.424999833106994629e-01
1.273139813705726819e+00 7.009629607200622559e-01 1.454402218076917830e+00 6.462222337722778320e-01
1.275705106134767952e+00 7.002962827682495117e-01 1.463574872334798105e+00 6.438333392143249512e-01
1.276586732122633183e+00 6.998888850212097168e-01 1.455527594672308966e+00 6.466666460037231445e-01
1.282227319399515730e+00 7.007407546043395996e-01 1.472331399281819664e+00 6.403333544731140137e-01
1.277997836007012333e+00 6.978148221969604492e-01 1.477996709187825441e+00 6.445555686950683594e-01
1.279040899312054780e+00 6.969629526138305664e-01 1.460793813493516780e+00 6.424444317817687988e-01
1.263170739562423206e+00 7.052592635154724121e-01 1.456064048661126042e+00 6.433333158493041992e-01
1.303139719786467365e+00 7.001851797103881836e-01 1.498518086327446763e+00 6.346111297607421875e-01
1.286621933018719632e+00 6.972222328186035156e-01 1.455661075803968751e+00 6.462222337722778320e-01
1.267544858261391072e+00 7.008518576622009277e-01 1.469374586317274245e+00 6.412222385406494141e-01
1.271949571291605574e+00 7.029629349708557129e-01 1.465940042495727624e+00 6.439999938011169434e-01
1.268634845027217128e+00 7.000370621681213379e-01 1.469188068283928672e+00 6.418333053588867188e-01
1.271834679321006467e+00 7.010370492935180664e-01 1.462838470564948201e+00 6.406666636466979980e-01
1.260625405982688685e+00 7.061481475830078125e-01 1.484041803359985368e+00 6.387222409248352051e-01
1.264893514315287293e+00 6.999629735946655273e-01 1.476181993272569493e+00 6.420555710792541504e-01
1.333842436119362151e+00 6.958518624305725098e-01 1.494515105777316721e+00 6.285555362701416016e-01
1.294367059248465068e+00 6.898518800735473633e-01 1.484961733818054297e+00 6.352221965789794922e-01
1.273225496009544155e+00 6.972592473030090332e-01 1.468022944450378509e+00 6.426110863685607910e-01
1.275635705629984518e+00 7.001110911369323730e-01 1.483842200809054823e+00 6.368333101272583008e-01
1.264369868490430981e+00 7.032222151756286621e-01 1.456375681347317208e+00 6.452222466468811035e-01
1.266956517714041164e+00 7.012222409248352051e-01 1.452490136676364507e+00 6.487222313880920410e-01
1.264599577479892378e+00 7.033703923225402832e-01 1.456614249653286342e+00 6.447777748107910156e-01
1.265428821210508037e+00 7.021852135658264160e-01 1.469156114366319432e+00 6.424999833106994629e-01
1.272904722460993954e+00 7.000740766525268555e-01 1.463644829432169558e+00 6.470555663108825684e-01
1.267517305515430515e+00 7.019629478454589844e-01 1.464806615723504013e+00 6.445555686950683594e-01
1.276331629329257478e+00 6.991851925849914551e-01 1.470359711329142227e+00 6.457777619361877441e-01
1.270731663951167434e+00 6.976296305656433105e-01 1.467733218193054245e+00 6.423333287239074707e-01
1.272209046752364570e+00 6.998518705368041992e-01 1.455328020625644259e+00 6.422222256660461426e-01
1.267173454249346687e+00 7.025185227394104004e-01 1.477115737279256269e+00 6.407222151756286621e-01
1.271329452726576159e+00 6.972222328186035156e-01 1.464530626296997040e+00 6.400555372238159180e-01
1.271464432857654758e+00 6.980000138282775879e-01 1.463836030112372510e+00 6.435555815696716309e-01
